phi: 0.5

mu0: [2.13675417 1.98759024 2.10334065 2.04479762 2.0243828  2.04205329
 2.03335176 2.0055445  2.08476495 2.00099744 2.06436795 1.96987228
 2.0172356  2.00632363 2.06722197 2.00816079 2.05182459 1.984112
 1.98654425 1.99708087]

mu1: [1.26814627 1.27420878 1.29896356 1.30006805 1.28794243 1.24064023
 1.29776812 1.23980227 1.26228116 1.27683186 1.29525865 1.24188583
 1.25956615 1.24473761 1.26413166 1.23140731 1.24772395 1.26645185
 1.24212552 1.28553803]

S: [[8.78225646 6.04662716 7.07718807 5.97332133 6.56142332 6.96514378
  5.25886294 6.2982405  5.70014792 5.69112968 4.60857838 5.87049882
  7.71184863 6.85972697 6.87291276 6.76137759 6.72986813 6.35829928
  6.35009554 6.61454813]
 [6.04662716 7.25271045 6.03992306 4.85899242 5.94349989 6.12665743
  4.79990772 4.45298412 4.63232066 5.2517373  3.8522972  5.02765793
  6.22232892 5.63604097 5.98075764 5.6847009  6.25107125 5.51949129
  5.85619821 5.70331175]
 [7.07718807 6.03992306 8.2628295  5.75023852 6.60481581 7.47638419
  5.33262592 5.70471594 5.5546469  5.65292758 3.94757374 5.36400267
  7.06886721 6.0806907  6.94531222 6.83206087 7.08380227 5.73798664
  5.51713542 5.83480313]
 [5.97332133 4.85899242 5.75023852 6.48683103 5.94801476 5.29614358
  4.29183358 5.15253657 4.09592432 4.79879023 3.40350294 4.76638028
  6.49138841 5.60272806 5.51751641 5.81229941 5.49853538 5.258992
  4.59376466 6.37633087]
 [6.56142332 5.94349989 6.60481581 5.94801476 7.67550568 6.11541339
  5.54659115 5.00630005 5.26635623 5.55263248 4.69459224 5.49108913
  6.75638377 6.54654785 6.65062327 6.80375789 6.63836048 5.72443126
  5.98549484 6.34207848]
 [6.96514378 6.12665743 7.47638419 5.29614358 6.11541339 7.52889135
  5.11230006 5.70715847 5.39146689 5.82558678 3.61243244 5.45429154
  7.00653301 5.80239286 6.56539819 6.73905715 6.71994294 5.64761873
  5.52553242 5.84962094]
 [5.25886294 4.79990772 5.33262592 4.29183358 5.54659115 5.11230006
  5.69009803 4.45348084 4.4595932  4.711566   3.50687387 4.82583101
  5.17916926 4.63459036 5.25208036 5.75027262 4.95309412 4.15302494
  5.14259641 4.36055738]
 [6.2982405  4.45298412 5.70471594 5.15253657 5.00630005 5.70715847
  4.45348084 6.86668233 4.28690536 5.457605   3.13688449 5.49640275
  6.88400401 6.02603357 5.69029408 6.95064178 5.326037   5.61089959
  5.54617964 5.19496832]
 [5.70014792 4.63232066 5.5546469  4.09592432 5.26635623 5.39146689
  4.4595932  4.28690536 5.51645971 5.10925272 3.71256031 4.65597155
  5.70595877 5.34827934 5.52570698 5.74070317 5.78239736 4.68946448
  4.8705504  4.73167476]
 [5.69112968 5.2517373  5.65292758 4.79879023 5.55263248 5.82558678
  4.711566   5.457605   5.10925272 7.28954537 3.72613789 5.11649962
  7.23016686 5.75564704 5.51935236 6.42817105 5.30696261 5.65953532
  5.02295054 5.82438394]
 [4.60857838 3.8522972  3.94757374 3.40350294 4.69459224 3.61243244
  3.50687387 3.13688449 3.71256031 3.72613789 3.92398954 3.39535669
  4.26025787 4.56325172 4.2381624  4.26715046 4.28265574 3.75804628
  4.30783451 4.08137826]
 [5.87049882 5.02765793 5.36400267 4.76638028 5.49108913 5.45429154
  4.82583101 5.49640275 4.65597155 5.11649962 3.39535669 5.74234877
  6.47998431 5.63574212 5.41712703 6.13411344 5.69577782 5.37711507
  5.60321477 5.00540088]
 [7.71184863 6.22232892 7.06886721 6.49138841 6.75638377 7.00653301
  5.17916926 6.88400401 5.70595877 7.23016686 4.26025787 6.47998431
  9.48838913 7.0822453  6.86676084 7.21108099 6.7032319  6.871864
  6.51764849 7.77314155]
 [6.85972697 5.63604097 6.0806907  5.60272806 6.54654785 5.80239286
  4.63459036 6.02603357 5.34827934 5.75564704 4.56325172 5.63574212
  7.0822453  7.8024783  6.66023976 7.01062961 6.55042395 6.36505174
  6.62841126 6.29323168]
 [6.87291276 5.98075764 6.94531222 5.51751641 6.65062327 6.56539819
  5.25208036 5.69029408 5.52570698 5.51935236 4.2381624  5.41712703
  6.86676084 6.66023976 7.66909485 7.8529575  6.62104193 5.81345682
  6.17134847 6.3129479 ]
 [6.76137759 5.6847009  6.83206087 5.81229941 6.80375789 6.73905715
  5.75027262 6.95064178 5.74070317 6.42817105 4.26715046 6.13411344
  7.21108099 7.01062961 7.8529575  9.98553579 6.63122792 6.56571918
  6.32561929 6.4878489 ]
 [6.72986813 6.25107125 7.08380227 5.49853538 6.63836048 6.71994294
  4.95309412 5.326037   5.78239736 5.30696261 4.28265574 5.69577782
  6.7032319  6.55042395 6.62104193 6.63122792 7.5371898  5.92286161
  6.07770946 5.71132707]
 [6.35829928 5.51949129 5.73798664 5.258992   5.72443126 5.64761873
  4.15302494 5.61089959 4.68946448 5.65953532 3.75804628 5.37711507
  6.871864   6.36505174 5.81345682 6.56571918 5.92286161 6.48310534
  5.47924876 5.7682319 ]
 [6.35009554 5.85619821 5.51713542 4.59376466 5.98549484 5.52553242
  5.14259641 5.54617964 4.8705504  5.02295054 4.30783451 5.60321477
  6.51764849 6.62841126 6.17134847 6.32561929 6.07770946 5.47924876
  7.03455618 5.54240855]
 [6.61454813 5.70331175 5.83480313 6.37633087 6.34207848 5.84962094
  4.36055738 5.19496832 4.73167476 5.82438394 4.08137826 5.00540088
  7.77314155 6.29323168 6.3129479  6.4878489  5.71132707 5.7682319
  5.54240855 8.3649409 ]]
