phi: 0.5

mu0: [1.23389217 1.25736493 1.30100675 1.27360298 1.24988793 1.23922747
 1.24178751 1.25584602 1.24354944 1.25265793 1.26700863 1.25476347
 1.29683029 1.16042638 1.25862236 1.28255244 1.28109565 1.30768815
 1.27039784 1.26928661]

mu1: [0.98230427 0.91135198 0.98530438 0.9251718  0.96176747 0.89821403
 0.90391461 0.95335816 0.99475821 0.99239772 0.97323652 0.95411791
 0.95936983 0.9765693  0.97321674 0.93750369 0.92164172 0.91052465
 0.96923461 0.92620238]

S: [[8.60451912 6.20740862 5.28860901 5.77211828 4.91640556 6.41320363
  6.6026732  6.22070023 5.28987526 5.93633374 6.34333013 5.726277
  5.80762963 6.74744996 6.06815389 6.51745011 6.09993364 6.20084312
  6.22985102 6.60858477]
 [6.20740862 7.86727124 5.35232055 5.79361487 5.51532595 6.56958279
  6.99914604 5.98471067 5.09226967 5.60781574 5.52148876 5.55135941
  5.47841393 6.60602191 6.10915826 6.58838116 5.76891159 5.74001024
  6.57258882 6.35463656]
 [5.28860901 5.35232055 7.1413513  5.73595742 5.07897286 5.35707707
  6.43588895 5.00120075 5.11831852 5.28367976 5.39117476 5.49832385
  5.55082792 6.37436047 5.67956519 5.41716682 5.85218168 4.97527907
  6.16027168 6.24410476]
 [5.77211828 5.79361487 5.73595742 7.18940826 4.63935983 6.07233913
  6.79158905 5.86326485 5.36099719 5.94859563 5.55126842 5.4765548
  5.49563504 6.00633599 5.78305044 5.94182714 5.75041775 5.74249532
  6.25502213 6.26687618]
 [4.91640556 5.51532595 5.07897286 4.63935983 5.9367264  5.12860805
  5.42220037 4.84102295 4.00464107 4.41068593 4.28416699 4.55383582
  4.66412938 5.18317324 5.44978404 5.30959854 4.75006676 4.91381544
  5.54929098 5.39639952]
 [6.41320363 6.56958279 5.35707707 6.07233913 5.12860805 8.34497301
  7.17645188 5.78992808 6.01042378 5.92957619 5.39161038 5.46665496
  5.9894051  6.94939758 6.12801346 6.5633904  6.09931368 6.04052368
  6.87398912 6.73644296]
 [6.6026732  6.99914604 6.43588895 6.79158905 5.42220037 7.17645188
  8.94186285 6.46178768 6.33895484 6.56935312 6.47023286 6.2950681
  6.1199621  7.43090341 6.39022166 6.8760165  6.41296793 6.2153319
  7.47958061 6.9107473 ]
 [6.22070023 5.98471067 5.00120075 5.86326485 4.84102295 5.78992808
  6.46178768 6.92459666 5.16474302 5.48615352 5.15205654 5.32361085
  4.81136147 5.90020163 5.67380108 5.86056283 5.39430708 6.1882928
  5.89843503 5.92986733]
 [5.28987526 5.09226967 5.11831852 5.36099719 4.00464107 6.01042378
  6.33895484 5.16474302 6.46868623 5.06864047 4.86791581 4.84496336
  4.88184491 5.60196521 5.17304322 5.01540919 5.2644792  5.12406682
  5.28155347 5.44379905]
 [5.93633374 5.60781574 5.28367976 5.94859563 4.41068593 5.92957619
  6.56935312 5.48615352 5.06864047 7.14064849 5.25795583 5.13375993
  5.32597826 6.10062592 5.57830047 5.6364059  5.44896308 5.05640219
  6.42220905 5.81064326]
 [6.34333013 5.52148876 5.39117476 5.55126842 4.28416699 5.39161038
  6.47023286 5.15205654 4.86791581 5.25795583 6.77821003 5.70844607
  5.30904711 5.79732002 5.62058269 5.45294967 5.47683011 5.26436064
  6.11906215 5.97608082]
 [5.726277   5.55135941 5.49832385 5.4765548  4.55383582 5.46665496
  6.2950681  5.32361085 4.84496336 5.13375993 5.70844607 6.9904363
  5.11090804 5.91782209 5.88869401 5.65993412 5.80945817 5.51987917
  6.04282063 5.83644615]
 [5.80762963 5.47841393 5.55082792 5.49563504 4.66412938 5.9894051
  6.1199621  4.81136147 4.88184491 5.32597826 5.30904711 5.11090804
  6.76106753 5.99258366 5.93374339 5.90204726 5.76059025 5.2543086
  6.16257948 5.93433287]
 [6.74744996 6.60602191 6.37436047 6.00633599 5.18317324 6.94939758
  7.43090341 5.90020163 5.60196521 6.10062592 5.79732002 5.91782209
  5.99258366 8.52921506 6.31199538 6.35171845 6.61916673 5.28648308
  6.64916569 6.73470992]
 [6.06815389 6.10915826 5.67956519 5.78305044 5.44978404 6.12801346
  6.39022166 5.67380108 5.17304322 5.57830047 5.62058269 5.88869401
  5.93374339 6.31199538 7.56927604 5.9139272  5.95030114 5.73158179
  6.19654806 6.61292128]
 [6.51745011 6.58838116 5.41716682 5.94182714 5.30959854 6.5633904
  6.8760165  5.86056283 5.01540919 5.6364059  5.45294967 5.65993412
  5.90204726 6.35171845 5.9139272  7.33991074 5.89744751 6.2503247
  6.64725667 6.434231  ]
 [6.09993364 5.76891159 5.85218168 5.75041775 4.75006676 6.09931368
  6.41296793 5.39430708 5.2644792  5.44896308 5.47683011 5.80945817
  5.76059025 6.61916673 5.95030114 5.89744751 7.26596394 5.28845388
  6.08917698 6.66838185]
 [6.20084312 5.74001024 4.97527907 5.74249532 4.91381544 6.04052368
  6.2153319  6.1882928  5.12406682 5.05640219 5.26436064 5.51987917
  5.2543086  5.28648308 5.73158179 6.2503247  5.28845388 7.426081
  6.01911896 6.01145293]
 [6.22985102 6.57258882 6.16027168 6.25502213 5.54929098 6.87398912
  7.47958061 5.89843503 5.28155347 6.42220905 6.11906215 6.04282063
  6.16257948 6.64916569 6.19654806 6.64725667 6.08917698 6.01911896
  8.46450767 6.82003123]
 [6.60858477 6.35463656 6.24410476 6.26687618 5.39639952 6.73644296
  6.9107473  5.92986733 5.44379905 5.81064326 5.97608082 5.83644615
  5.93433287 6.73470992 6.61292128 6.434231   6.66838185 6.01145293
  6.82003123 8.45902392]]
