accuracy: 0.4875

precision: 0.4876237623762376

recall: 0.4925

F-measure: 0.49004975124378114

