accuracy: 0.955

precision: 0.9439024390243902

recall: 0.9675

F-measure: 0.9555555555555556

